      00 00 09 00 00 00 00 00 - tablet pc system controls
      00 00 00 00 00 00 00 00
      00 00 0f 00 00 00 00 00
      00 00 00 00 00 00 00 00
      00 00 04 00 00 00 00 00 - joystick
      00 00 00 00 00 00 00 00
      00 00 0a 00 00 00 00 00
      00 00 00 00 00 00 00 00
      20 00 00 00 00 00 00 00
      20 00 2f 00 00 00 00 00
      20 00 00 00 00 00 00 00
      00 00 00 00 00 00 00 00
      00 00 13 00 00 00 00 00
      00 00 00 00 00 00 00 00
      00 00 15 00 00 00 00 00
      00 00 00 00 00 00 00 00
      00 00 20 00 00 00 00 00
      00 00 00 00 00 00 00 00
      00 00 22 00 00 00 00 00
      00 00 00 00 00 00 00 00
      00 00 22 00 00 00 00 00
      00 00 00 00 00 00 00 00
      20 00 00 00 00 00 00 00
      20 00 2d 00 00 00 00 00
      20 00 00 00 00 00 00 00
      00 00 00 00 00 00 00 00
      00 00 27 00 00 00 00 00
      00 00 00 00 00 00 00 00
      00 00 11 00 00 00 00 00
      00 00 00 00 00 00 00 00
      00 00 1a 00 00 00 00 00
      00 00 00 00 00 00 00 00
      00 00 04 00 00 00 00 00 - joystick
      00 00 00 00 00 00 00 00
      00 00 15 00 00 00 00 00
      00 00 00 00 00 00 00 00
      00 00 07 00 00 00 00 00 - keypad
      00 00 00 00 00 00 00 00
      00 00 16 00 00 00 00 00
      00 00 00 00 00 00 00 00
      20 00 00 00 00 00 00 00
      20 00 2d 00 00 00 00 00
      20 00 00 00 00 00 00 00
      00 00 00 00 00 00 00 00
      00 00 07 00 00 00 00 00 - keypad
      00 00 00 00 00 00 00 00
      00 00 08 00 00 00 00 00 - Multi-axis controller
      00 00 00 00 00 00 00 00
      00 00 04 00 00 00 00 00 - joystick
      00 00 00 00 00 00 00 00
      00 00 09 00 00 00 00 00 - tablet pc system controls
      00 00 00 00 00 00 00 00
      00 00 06 00 00 00 00 00 - Keyboard
      00 00 00 00 00 00 00 00
      00 00 05 00 00 00 00 00 - Game pad
      00 00 00 00 00 00 00 00
      00 00 20 00 00 00 00 00
      00 00 00 00 00 00 00 00
      00 00 1f 00 00 00 00 00
      00 00 00 00 00 00 00 00
      20 00 00 00 00 00 00 00
      20 00 30 00 00 00 00 00 - X
      20 00 00 00 00 00 00 00
      00 00 00 00 00 00 00 00
      01 00 00 00 00 00 00 00 - Pointer
      01 00 06 00 00 00 00 00 - Pointer, Keyboard
